// ?

00111100
01000010
10011000
10100100
10011110
01000010
00111100

// 65

0011000
0100100
0100100
0111100
1000010
1000010
1000010

111000
100100
100100
111100
100010
100010
111100

0011100
0100010
1000000
1000000
1000000
0100010
0011100

1111000
1000100
1000010
1000010
1000010
1000100
1111000

111110
100000
100000
111100
100000
100000
111110

111110
100000
100000
111100
100000
100000
100000

0011100
0100010
1000000
1000000
1000110
0100010
0011110

100010
100010
100010
111110
100010
100010
100010

1110
0100
0100
0100
0100
0100
1110

0110
0010
0010
0010
0010
1010
0110

100010
100100
101000
110000
101000
100100
100010

10000
10000
10000
10000
10000
10000
11110

11000110
10101010
10101010
10010010
10000010
10000010
10000010

1000010
1100010
1010010
1001010
1000110
1000010
1000010

0011000
0100100
1000010
1000010
1000010
0100100
0011000

11100
10010
10010
10010
11100
10000
10000
10000

00110000
01001000
10000100
10000100
10000100
01001000
00110110

111100
100010
100010
111100
110000
101000
100100
100010

011110
100000
100000
011100
000010
000010
111100

111110
001000
001000
001000
001000
001000
001000

100010
100010
100010
100010
100010
100010
011100

1000010
1000010
1000010
0100100
0100100
0011000
0011000

10010010
10010010
10101010
10101010
10101010
11000110
01000100

1000010
1000010
0100100
0011000
0100100
1000010
1000010

100010
100010
010100
001000
001000
001000
001000

111110
000010
000100
001000
010000
100000
111100

110
100
100
100
100
100
110

1000
1000
0100
0100
0100
0010
0010

110
010
010
010
010
010
110

0100
1010
0000
0000
0000
0000
0000

0000
0000
0000
0000
0000
0000
1111

100
010
000
000
000
000
000

00000
00000
01100
00010
01110
10010
01110

00000
10000
10000
11100
10010
10010
11100

0000
0000
0110
1000
1000
1000
0110

00000
00010
00010
01110
10010
10010
01110

00000
00000
01100
10010
11110
10000
01110

0000
0110
1000
1110
1000
1000
1000

00000
01110
10010
10010
01110
00010
01100

00000
10000
10000
10000
11100
10010
10010

00
10
00
10
10
10
10

000
010
000
010
010
010
100

00000
10000
10010
10100
11000
10100
10010

00
10
10
10
10
10
10

00000000
00000000
00000000
11101100
10010010
10010010
10010010

00000
00000
00000
11100
10010
10010
10010

00000
00000
00000
01100
10010
10010
01100

00000
00000
11100
10010
10010
11100
10000
10000

00000
00000
01110
10010
10010
01110
00010
00010

00000
00000
00000
10110
11000
10000
10000

00000
00000
01110
10000
01100
00010
11100

0000
0000
0100
1110
0100
0100
0100

00000
00000
00000
10010
10010
10010
01110

000000
000000
000000
100010
100010
010100
001000

00000000
00000000
00000000
10010010
10010010
10010010
01101100

000000
000000
100010
010100
001000
010100
100010

00000
00000
10010
10010
01110
00010
01110

00000
00000
00000
11110
00100
01000
11110
