00000
00000
01100
00010
01110
10010
01110

00000
10000
10000
11100
10010
10010
11100

0000
0000
0110
1000
1000
1000
0110

00000
00010
00010
01110
10010
10010
01110

00000
00000
01100
10010
11110
10000
01110

0000
0110
1000
1110
1000
1000
1000

00000
01110
10010
10010
01110
00010
01100

00000
10000
10000
10000
11100
10010
10010

00
10
00
10
10
10
10

000
010
000
010
010
010
100

00000
10000
10010
10100
11000
10100
10010

00
10
10
10
10
10
10

00000000
00000000
00000000
11101100
10010010
10010010
10010010

00000
00000
00000
11100
10010
10010
10010

00000
00000
00000
01100
10010
10010
01100

00000
00000
11100
10010
10010
11100
10000
10000

00000
00000
01110
10010
10010
01110
00010
00010

00000
00000
00000
10110
11000
10000
10000

00000
00000
01110
10000
01100
00010
11100

0000
0000
0100
1110
0100
0100
0100

00000
00000
00000
10010
10010
10010
01110

000000
000000
000000
100010
100010
010100
001000


00000000
00000000
00000000
10010010
10010010
10010010
01101100

000000
000000
100010
010100
001000
010100
100010

00000
00000
10010
10010
01110
00010
01110

00000
00000
00000
11110
00100
01000
11110